<?xml version="1.0"?>
<opencv_storage>
<CornersAmount>48</CornersAmount>
<Corner_0>
  297 416</Corner_0>
<Corner_1>
  313 417</Corner_1>
<Corner_2>
  328 416</Corner_2>
<Corner_3>
  341 416</Corner_3>
<Corner_4>
  356 416</Corner_4>
<Corner_5>
  371 416</Corner_5>
<Corner_6>
  385 416</Corner_6>
<Corner_7>
  400 416</Corner_7>
<Corner_8>
  296 422</Corner_8>
<Corner_9>
  310 423</Corner_9>
<Corner_10>
  326 423</Corner_10>
<Corner_11>
  341 422</Corner_11>
<Corner_12>
  357 422</Corner_12>
<Corner_13>
  373 421</Corner_13>
<Corner_14>
  388 421</Corner_14>
<Corner_15>
  401 421</Corner_15>
<Corner_16>
  295 427</Corner_16>
<Corner_17>
  309 428</Corner_17>
<Corner_18>
  326 428</Corner_18>
<Corner_19>
  341 428</Corner_19>
<Corner_20>
  357 428</Corner_20>
<Corner_21>
  371 428</Corner_21>
<Corner_22>
  387 427</Corner_22>
<Corner_23>
  404 428</Corner_23>
<Corner_24>
  293 433</Corner_24>
<Corner_25>
  308 434</Corner_25>
<Corner_26>
  325 434</Corner_26>
<Corner_27>
  340 434</Corner_27>
<Corner_28>
  358 435</Corner_28>
<Corner_29>
  374 435</Corner_29>
<Corner_30>
  388 435</Corner_30>
<Corner_31>
  406 434</Corner_31>
<Corner_32>
  292 440</Corner_32>
<Corner_33>
  306 441</Corner_33>
<Corner_34>
  324 441</Corner_34>
<Corner_35>
  340 441</Corner_35>
<Corner_36>
  357 441</Corner_36>
<Corner_37>
  373 441</Corner_37>
<Corner_38>
  391 441</Corner_38>
<Corner_39>
  406 441</Corner_39>
<Corner_40>
  288 447</Corner_40>
<Corner_41>
  307 447</Corner_41>
<Corner_42>
  323 447</Corner_42>
<Corner_43>
  340 447</Corner_43>
<Corner_44>
  357 447</Corner_44>
<Corner_45>
  375 447</Corner_45>
<Corner_46>
  391 447</Corner_46>
<Corner_47>
  409 447</Corner_47>
</opencv_storage>
