<?xml version="1.0"?>
<opencv_storage>
<CameraMatrix type_id="opencv-matrix">
  <rows>3</rows>
  <cols>3</cols>
  <dt>d</dt>
  <data>
    4.8928447920619396e+02 0. 3.2150000000000000e+02 0.
    4.8928447920619396e+02 2.4250000000000000e+02 0. 0. 1.
  </data>
</CameraMatrix>
<DistortionCoeffs type_id="opencv-matrix">
  <rows>5</rows>
  <cols>1</cols>
  <dt>d</dt>
  <data>
    -3.1578472092416504e-01 -1.5908709112360250e-01 0. 0.
    6.1433264546667898e-01
  </data>
</DistortionCoeffs>
</opencv_storage>
