<?xml version="1.0"?>
<opencv_storage>
<CornersAmount>48</CornersAmount>
<Corner_0>
  232 350</Corner_0>
<Corner_1>
  243 347</Corner_1>
<Corner_2>
  253 344</Corner_2>
<Corner_3>
  262 342</Corner_3>
<Corner_4>
  273 338</Corner_4>
<Corner_5>
  281 336</Corner_5>
<Corner_6>
  289 334</Corner_6>
<Corner_7>
  298 331</Corner_7>
<Corner_8>
  241 354</Corner_8>
<Corner_9>
  250 350</Corner_9>
<Corner_10>
  260 347</Corner_10>
<Corner_11>
  270 344</Corner_11>
<Corner_12>
  279 342</Corner_12>
<Corner_13>
  289 339</Corner_13>
<Corner_14>
  297 337</Corner_14>
<Corner_15>
  305 333</Corner_15>
<Corner_16>
  248 357</Corner_16>
<Corner_17>
  258 353</Corner_17>
<Corner_18>
  270 350</Corner_18>
<Corner_19>
  278 347</Corner_19>
<Corner_20>
  289 344</Corner_20>
<Corner_21>
  298 341</Corner_21>
<Corner_22>
  308 339</Corner_22>
<Corner_23>
  315 336</Corner_23>
<Corner_24>
  258 360</Corner_24>
<Corner_25>
  266 357</Corner_25>
<Corner_26>
  277 353</Corner_26>
<Corner_27>
  288 350</Corner_27>
<Corner_28>
  297 348</Corner_28>
<Corner_29>
  307 344</Corner_29>
<Corner_30>
  315 341</Corner_30>
<Corner_31>
  323 338</Corner_31>
<Corner_32>
  267 365</Corner_32>
<Corner_33>
  277 360</Corner_33>
<Corner_34>
  287 357</Corner_34>
<Corner_35>
  298 354</Corner_35>
<Corner_36>
  308 349</Corner_36>
<Corner_37>
  316 347</Corner_37>
<Corner_38>
  326 343</Corner_38>
<Corner_39>
  333 340</Corner_39>
<Corner_40>
  277 367</Corner_40>
<Corner_41>
  288 364</Corner_41>
<Corner_42>
  298 360</Corner_42>
<Corner_43>
  308 357</Corner_43>
<Corner_44>
  317 353</Corner_44>
<Corner_45>
  326 350</Corner_45>
<Corner_46>
  335 346</Corner_46>
<Corner_47>
  343 344</Corner_47>
</opencv_storage>
