<?xml version="1.0"?>
<opencv_storage>
<CameraMatrix type_id="opencv-matrix">
  <rows>3</rows>
  <cols>3</cols>
  <dt>d</dt>
  <data>
    4.9169155808515637e+02 0. 3.2150000000000000e+02 0.
    4.9169155808515637e+02 2.4250000000000000e+02 0. 0. 1.
  </data>
</CameraMatrix>
<DistortionCoeffs type_id="opencv-matrix">
  <rows>5</rows>
  <cols>1</cols>
  <dt>d</dt>
  <data>
    -4.0974536825996855e-01 2.6177253248922788e-01 0. 0.
    -1.0288442322270719e-01
  </data>
</DistortionCoeffs>
</opencv_storage>
