<?xml version="1.0"?>
<opencv_storage>
<CornersAmount>48</CornersAmount>
<Corner_0>
  192 458</Corner_0>
<Corner_1>
  192 448</Corner_1>
<Corner_2>
  193 439</Corner_2>
<Corner_3>
  193 432</Corner_3>
<Corner_4>
  193 424</Corner_4>
<Corner_5>
  193 417</Corner_5>
<Corner_6>
  194 410</Corner_6>
<Corner_7>
  193 404</Corner_7>
<Corner_8>
  214 456</Corner_8>
<Corner_9>
  212 447</Corner_9>
<Corner_10>
  211 438</Corner_10>
<Corner_11>
  210 431</Corner_11>
<Corner_12>
  211 423</Corner_12>
<Corner_13>
  211 417</Corner_13>
<Corner_14>
  210 410</Corner_14>
<Corner_15>
  209 403</Corner_15>
<Corner_16>
  234 454</Corner_16>
<Corner_17>
  232 445</Corner_17>
<Corner_18>
  229 438</Corner_18>
<Corner_19>
  229 429</Corner_19>
<Corner_20>
  228 421</Corner_20>
<Corner_21>
  226 415</Corner_21>
<Corner_22>
  227 409</Corner_22>
<Corner_23>
  225 402</Corner_23>
<Corner_24>
  254 453</Corner_24>
<Corner_25>
  251 444</Corner_25>
<Corner_26>
  249 435</Corner_26>
<Corner_27>
  248 428</Corner_27>
<Corner_28>
  246 420</Corner_28>
<Corner_29>
  244 414</Corner_29>
<Corner_30>
  243 408</Corner_30>
<Corner_31>
  242 401</Corner_31>
<Corner_32>
  274 451</Corner_32>
<Corner_33>
  270 443</Corner_33>
<Corner_34>
  268 434</Corner_34>
<Corner_35>
  266 426</Corner_35>
<Corner_36>
  263 419</Corner_36>
<Corner_37>
  261 412</Corner_37>
<Corner_38>
  260 407</Corner_38>
<Corner_39>
  258 400</Corner_39>
<Corner_40>
  294 449</Corner_40>
<Corner_41>
  290 442</Corner_41>
<Corner_42>
  286 432</Corner_42>
<Corner_43>
  283 425</Corner_43>
<Corner_44>
  280 417</Corner_44>
<Corner_45>
  278 411</Corner_45>
<Corner_46>
  276 405</Corner_46>
<Corner_47>
  273 399</Corner_47>
</opencv_storage>
