<?xml version="1.0"?>
<opencv_storage>
<CameraMatrix type_id="opencv-matrix">
  <rows>3</rows>
  <cols>3</cols>
  <dt>d</dt>
  <data>
    4.6119837933857252e+02 0. 3.2150000000000000e+02 0.
    4.6119837933857252e+02 2.4250000000000000e+02 0. 0. 1.
  </data>
</CameraMatrix>
<DistortionCoeffs type_id="opencv-matrix">
  <rows>5</rows>
  <cols>1</cols>
  <dt>d</dt>
  <data>
    -3.3071022455078020e-01 1.6751548978719985e-01 0. 0.
    -5.4930331330282335e-02
  </data>
</DistortionCoeffs>
</opencv_storage>
