<?xml version="1.0"?>
<opencv_storage>
<CornersAmount>48</CornersAmount>
<Corner_0>
  357 303</Corner_0>
<Corner_1>
  368 306</Corner_1>
<Corner_2>
  378 308</Corner_2>
<Corner_3>
  387 310</Corner_3>
<Corner_4>
  397 313</Corner_4>
<Corner_5>
  409 316</Corner_5>
<Corner_6>
  418 318</Corner_6>
<Corner_7>
  428 321</Corner_7>
<Corner_8>
  351 306</Corner_8>
<Corner_9>
  358 308</Corner_9>
<Corner_10>
  368 311</Corner_10>
<Corner_11>
  378 313</Corner_11>
<Corner_12>
  389 315</Corner_12>
<Corner_13>
  397 319</Corner_13>
<Corner_14>
  410 321</Corner_14>
<Corner_15>
  421 325</Corner_15>
<Corner_16>
  342 308</Corner_16>
<Corner_17>
  350 311</Corner_17>
<Corner_18>
  360 314</Corner_18>
<Corner_19>
  369 316</Corner_19>
<Corner_20>
  380 319</Corner_20>
<Corner_21>
  389 322</Corner_21>
<Corner_22>
  403 326</Corner_22>
<Corner_23>
  412 329</Corner_23>
<Corner_24>
  333 311</Corner_24>
<Corner_25>
  342 315</Corner_25>
<Corner_26>
  351 317</Corner_26>
<Corner_27>
  360 320</Corner_27>
<Corner_28>
  371 322</Corner_28>
<Corner_29>
  383 326</Corner_29>
<Corner_30>
  393 329</Corner_30>
<Corner_31>
  406 333</Corner_31>
<Corner_32>
  324 314</Corner_32>
<Corner_33>
  330 316</Corner_33>
<Corner_34>
  343 320</Corner_34>
<Corner_35>
  351 323</Corner_35>
<Corner_36>
  363 327</Corner_36>
<Corner_37>
  373 330</Corner_37>
<Corner_38>
  385 333</Corner_38>
<Corner_39>
  397 338</Corner_39>
<Corner_40>
  316 317</Corner_40>
<Corner_41>
  324 320</Corner_41>
<Corner_42>
  333 323</Corner_42>
<Corner_43>
  343 326</Corner_43>
<Corner_44>
  354 329</Corner_44>
<Corner_45>
  364 334</Corner_45>
<Corner_46>
  376 337</Corner_46>
<Corner_47>
  387 341</Corner_47>
</opencv_storage>
