<?xml version="1.0"?>
<opencv_storage>
<CameraMatrix type_id="opencv-matrix">
  <rows>3</rows>
  <cols>3</cols>
  <dt>d</dt>
  <data>
    4.9562612072887100e+02 0. 3.2150000000000000e+02 0.
    4.9562612072887100e+02 2.4250000000000000e+02 0. 0. 1.
  </data>
</CameraMatrix>
<DistortionCoeffs type_id="opencv-matrix">
  <rows>5</rows>
  <cols>1</cols>
  <dt>d</dt>
  <data>
    -3.9452985447013927e-01 2.3587194451721774e-01 0. 0.
    -8.9958276903468248e-02
  </data>
</DistortionCoeffs>
</opencv_storage>
